# Created by Octave 3.8.2, Fri Aug 02 14:30:19 2019 ART <ggancio@tux>
# name: mon_SdB_10
# type: matrix
# rows: 461
# columns: 1
 -186.6632471857039
 -186.74754958902
 -186.6325809757621
 -187.1252422015341
 -187.1400488055786
 -186.8954819706618
 -187.1185095772228
 -187.0643021317205
 -186.9648468653443
 -187.1526622643483
 -187.0020179482223
 -187.192187421253
 -187.1521096198623
 -186.4839661065063
 -187.3486053428662
 -186.7212127520142
 -187.0228393407941
 -187.1710867493556
 -187.0896076525737
 -187.4620937849246
 -186.8901409575471
 -186.886192069751
 -186.642089741763
 -186.7824799126563
 -186.7489006000987
 -186.6528853796153
 -186.7646723723566
 -186.6978237322346
 -187.1607667867679
 -187.1904952787498
 -186.9895056790974
 -187.1940517336622
 -187.2233702172654
 -187.0269617046926
 -187.0257543591788
 -186.4560058922495
 -186.755175806217
 -186.6956949805184
 -186.4869328977641
 -186.5642227373726
 -186.2883011058014
 -186.4259641811549
 -186.6883760779417
 -186.5932465548395
 -186.6144072654689
 -186.6976335303794
 -186.3753979430514
 -186.3960448288039
 -186.3136903301208
 -186.5388745859157
 -186.4231158502051
 -186.3840805003792
 -186.2540245193045
 -186.4405033315543
 -186.1371926927339
 -186.2743153461485
 -186.2503047287386
 -186.4599038612278
 -186.573783525179
 -186.5795612665052
 -186.9544792238031
 -186.4947710399584
 -186.0396881782313
 -186.1624344021436
 -185.9564523729357
 -185.915556645601
 -185.907821728451
 -186.1827340760197
 -186.7489651076955
 -186.6198297077891
 -186.5480773572201
 -186.0277540633317
 -186.1691439535248
 -186.065910900237
 -186.2910295624528
 -185.9924008529238
 -185.7046529571934
 -185.6556790670451
 -185.9403787006734
 -186.0705232202606
 -185.9671298484844
 -185.9747488000754
 -186.2464456687398
 -185.8101431735097
 -185.8582018454692
 -185.4750296861332
 -185.8810265538303
 -185.4907952070834
 -185.1392992194299
 -184.7494674131187
 -185.3228901305434
 -185.0343370662196
 -185.3950006018323
 -185.0155641486461
 -184.8894781996268
 -184.945377004378
 -184.7460205307629
 -185.0089990418957
 -184.6258688127277
 -185.1215565306375
 -184.6990566520532
 -184.7317100712664
 -185.1311956311529
 -185.2092139083413
 -185.1979228134356
 -184.7127155951154
 -184.5493269156307
 -184.3571724968749
 -184.4746310640338
 -185.1744990451109
 -184.722422025427
 -184.768226795281
 -185.3061493625157
 -184.8007807942644
 -184.6338653485373
 -184.7836572529687
 -184.5510374256811
 -184.613024811261
 -185.0894719751071
 -185.1226283161833
 -184.7311822511714
 -185.0645842887893
 -185.2321378712457
 -184.9697351046795
 -185.1604273205347
 -184.8834165005917
 -184.9141956168218
 -184.9933668760797
 -185.0776978126991
 -185.1111549155973
 -185.4872474865894
 -185.3040383710347
 -185.6125597576861
 -185.4845359511118
 -185.9458142143491
 -185.7023373022595
 -185.6912973169015
 -185.7215140707297
 -185.6093018351643
 -186.0931578084731
 -185.0767599016405
 -185.4682235841651
 -185.436332313254
 -186.0059583247089
 -185.4944933152142
 -185.1165575241268
 -185.5303507435883
 -185.6371601046365
 -185.5442213301591
 -185.5216110785636
 -185.3742560573428
 -185.635606577424
 -185.5387636795893
 -185.3913079868107
 -185.5312358528204
 -185.3068865338219
 -185.0690502259277
 -185.5041437451309
 -185.3625103924196
 -185.4410892496766
 -185.5759610430018
 -185.771702596338
 -185.6000211037226
 -185.2569085906589
 -185.3741035461219
 -185.5181551262091
 -185.2161396725336
 -185.2434769772849
 -185.1991760784467
 -185.5886737459378
 -185.6016461614979
 -185.7569187992422
 -185.4596126745389
 -185.6593659956527
 -185.7520872934753
 -185.2671325589318
 -185.2883042165381
 -185.2682564378666
 -185.336499747384
 -185.1823265060801
 -185.3804843487297
 -184.9704463653698
 -185.2525668708151
 -185.1310780149357
 -184.8966550210052
 -185.0234837642321
 -185.2331912782064
 -184.7829809904702
 -184.9903997098159
 -184.8557191270222
 -184.3200925888763
 -184.3698592593133
 -184.0922059244532
 -184.4076927775747
 -183.88965083966
 -184.4445564839971
 -184.0062865667821
 -183.6704892621862
 -184.1770873169694
 -184.4408497763971
 -184.6250842452002
 -184.7289989869476
 -184.3167502179506
 -184.5764471837666
 -184.2794253739245
 -183.9771417067916
 -183.570948476078
 -183.4805853299204
 -184.1397179919915
 -184.0833147894239
 -184.6023094717789
 -184.2176416997537
 -184.2045907904585
 -184.2504594547199
 -184.095722613541
 -184.3295014978216
 -184.3765221485827
 -184.3094926302002
 -183.9422360258575
 -184.0185246478821
 -184.5725331514228
 -184.5438159270959
 -183.9904572143126
 -184.7251276914295
 -184.6507248547966
 -184.6101342233649
 -184.2403097465368
 -184.8649277761611
 -184.1038618531883
 -184.8264124525145
 -184.4528529498742
 -184.3908258324431
 -184.7460969190282
 -184.335619517919
 -184.7450225734826
 -184.5981541919584
 -184.5968587575676
 -184.879829683689
 -184.7856656373787
 -185.2176406214201
 -184.7819310519231
 -184.6674554975597
 -184.5970351662164
 -184.3814112757818
 -184.7172061765691
 -184.7212610273685
 -184.3590438191802
 -183.2471855870569
 -183.6708236847918
 -183.220196907666
 -184.1693584916476
 -184.3471325247811
 -184.6885319076357
 -184.8641376003722
 -184.8215029335185
 -184.5776023850795
 -184.0146650156554
 -183.2957940279671
 -183.6271700530268
 -184.0864063500983
 -184.1943578637348
 -183.7485461821203
 -183.9972260553635
 -183.7780410029138
 -184.120580944097
 -183.8041164266799
 -183.8552756387855
 -183.511286926974
 -183.6782522594025
 -183.8474901011088
 -183.3312927087683
 -184.0755628988701
 -183.4407834597154
 -183.5437969831113
 -183.3335587162945
 -183.7047527945784
 -183.4233610356476
 -183.0229944559604
 -183.3578903252339
 -183.2486289681185
 -183.106041083015
 -183.7356607531552
 -183.3863883790857
 -183.0783932780423
 -182.9938659891463
 -183.097311432657
 -183.0300299317421
 -183.5993470435251
 -183.6259390945767
 -183.678117537972
 -183.658274372735
 -184.0740067543853
 -183.7858800477907
 -183.5913934070254
 -182.9861736636662
 -183.6395728587684
 -183.6821118303986
 -181.6557650839079
 -182.6599852516822
 -183.5286624370699
 -183.0644059738799
 -183.52393903314
 -183.6136699952722
 -183.3897893527808
 -183.237543344324
 -183.3757006492881
 -183.0566396875632
 -182.8839146920988
 -183.0134167517691
 -182.6675907140705
 -183.4549932802562
 -182.8243294730735
 -182.7955325670589
 -183.306610670512
 -182.86275000213
 -183.1873734101299
 -182.9891169060658
 -183.1004302488211
 -182.9960131053316
 -183.0258075718087
 -183.2940419262041
 -183.0143444172424
 -183.2842454461281
 -182.60415987094
 -183.3383406635737
 -183.1701659911412
 -182.9350564242083
 -182.8406627543559
 -183.2860985253866
 -182.7963515167643
 -183.2492961794842
 -183.1367282203141
 -183.3563062949111
 -183.1067740089766
 -183.2370447919662
 -182.606248221619
 -182.6722907894312
 -183.2412891680389
 -183.1418594563596
 -183.2825735471961
 -183.396551129929
 -183.2091023087242
 -183.6520321257644
 -183.4376807365654
 -183.0560166211413
 -183.5733386481589
 -183.0762267039258
 -183.4231972619004
 -182.3887154024401
 -182.412349991889
 -182.4427565126649
 -182.6120153331804
 -183.166882260447
 -183.0468748702974
 -182.9062069228994
 -182.5351250636876
 -182.8023251165581
 -182.6467519864999
 -182.4791443346541
 -182.5420862395611
 -181.9771110788383
 -181.9071758761899
 -182.4098956288637
 -181.7311406333033
 -182.2446931499745
 -181.9199872067443
 -182.0483212116393
 -181.9335296139948
 -180.8958300070655
 -181.966559443612
 -181.8176742042078
 -182.0652615060587
 -181.969613843964
 -182.0246602910241
 -181.9972050778318
 -182.1398363754215
 -181.7366371912686
 -181.7660289597478
 -181.7909420728936
 -182.2689357192409
 -181.9781799117715
 -182.368924264766
 -181.8957225757733
 -181.8560745921458
 -182.355179329296
 -182.5408566282169
 -182.3392085252047
 -182.3740274823829
 -182.6241275572209
 -182.3297201549627
 -182.4835430467016
 -183.1950567588471
 -182.8488307471009
 -182.9525959185302
 -182.8036147667044
